[33-2]
0,1,2,3,4,5,6,14,15,16,17,18,19,20,31,32,16
7,8,9,10,11,12,13,21,22,23,24,25,26,27,28,29,30,11
[33-4]
18,19,20,21,22,31,32,20
11,23,24,25,26,27,28,29,30,24
0,1,2,3,4,5,6,14,15,16,15
7,8,9,10,12,13,17,7
[33-8]
27,28,29,30,28
23,24,25,26,25
12,19,20,21,20
9,10,11,22,11
5,6,14,16,14
7,8,13,17,13
1,2,3,4,15,15
0,18,31,32,32
[33-16]
11,23,23
24,25,25
26,27,28,27
29,30,29
12,20,12
21,22,21
7,7
8,9,10,9
14,16,14
5,6,5
3,4,15,3
0,1,2,0
31,32,31
19,19
13,17,13
18,18
[33-32]
12,12
7,7
21,21
8,8
10,10
22,22
9,9
11,11
28,29,28
30,30
24,24
23,23
26,26
13,13
27,27
25,25
0,2,0
1,1
3,4,3
15,15
5,5
6,6
16,16
14,14
19,19
18,18
20,20
31,31
32,32
-1
17,17
-1
[50-2]
0,4,5,6,8,9,10,13,19,20,24,26,27,28,29,30,31,34,35,36,39,40,42,44,45,46,9
1,2,3,7,11,12,14,15,16,17,18,21,22,23,25,32,33,37,38,41,43,47,48,49,48
[50-4]
0,5,6,8,20,24,26,27,29,35,36,39,44,45,20
1,11,14,17,21,22,25,33,38,40,48,49,22
2,9,10,15,16,18,23,28,34,37,41,43,41
3,4,7,12,13,19,30,31,32,42,46,47,13
[50-8]
3,7,11,12,17,48,3
1,14,16,21,22,38,47,1
15,18,23,25,41,49,18
2,29,32,33,37,43,2
13,19,30,40,44,46,13
4,9,10,28,31,34,42,28
0,6,8,20,24,39,24
5,26,27,35,36,45,36
[50-16]
1,14,38,1
33,40,33
11,25,48,49,11
17,21,22,21
36,44,36
20,26,35,45,45
5,6,27,29,27
0,8,24,39,8
16,41,43,41
15,18,23,18
9,10,34,34
2,28,37,2
3,4,32,32
19,31,42,42
7,12,30,12
13,46,47,47
[50-32]
2,37,37
32,43,32
33,33
29,29
18,23,18
41,41
15,15
25,49,49
16,47,47
12,12
14,14
1,38,1
3,7,3
11,48,11
21,22,21
17,17
24,24
0,39,0
6,8,8
40,40
26,45,26
20,35,20
36,36
5,27,5
10,34,42,34
9,9
28,31,31
4,4
46,46
19,19
44,44
13,30,30
[100-2]
0,3,4,11,12,15,16,17,19,20,22,24,25,26,27,28,34,36,37,39,40,41,42,43,44,48,51,52,53,55,56,58,59,60,61,62,63,64,66,67,69,77,78,82,85,92,93,94,96,99,56
1,2,5,6,7,8,9,10,13,14,18,21,23,29,30,31,32,33,35,38,45,46,47,49,50,54,57,65,68,70,71,72,73,74,75,76,79,80,81,83,84,86,87,88,89,90,91,95,97,98,75
[100-4]
2,5,27,30,33,35,38,40,45,50,55,61,68,69,70,71,74,75,76,81,84,88,89,90,97,50
1,8,10,12,14,18,19,20,21,25,26,29,36,37,44,51,58,59,62,67,87,93,96,98,99,59
0,3,4,6,9,11,15,16,17,22,24,28,39,41,42,43,48,52,56,63,66,77,78,80,82,85,92,94,92
7,13,23,31,32,34,46,47,49,53,54,57,60,64,65,72,73,79,83,86,91,95,95
[100-8]
3,11,16,22,28,34,39,43,63,77,82,85,94,77
4,15,17,24,41,42,52,55,56,66,92,96,92
1,18,21,26,29,36,45,67,69,98,98
0,8,12,19,20,25,37,44,51,58,59,62,78,87,99,62
9,10,32,46,48,53,60,64,79,32
2,5,6,30,33,50,61,71,75,80,81,88,89,90,93,30
7,35,47,49,54,57,65,68,70,73,74,83,84,86,91,97,73
13,14,23,27,31,38,40,72,76,95,23
[100-16]
2,7,18,57,79,57
32,49,54,73,83,91,54
35,50,68,70,74,76,84,88,70
5,21,30,61,71,81,90,97,30
1,33,75,89,33
13,27,38,45,46,69,98,69
12,19,53,58,62,64,19
14,23,25,37,60,72,95,95
3,6,15,16,28,31,43,77,85,77
0,20,34,39,67,82,82
11,22,29,36,63,94,11
24,26,56,66,92,99,24
8,10,78,80,87,8
40,44,51,52,59,93,59
42,47,55,65,86,96,86
4,9,17,41,48,4
[100-32]
10,33,10
46,75,46
9,89,93,89
21,38,45,98,98
5,30,71,81,90,30
32,50,88,50
35,68,70,74,76,35
29,79,84,79
65,73,97,73
13,47,54,54
31,86,91,91
6,49,6
2,7,34,83,83
1,18,57,18
14,24,95,95
23,72,72
8,25,99,99
12,51,62,87,62
40,44,61,44
27,59,27
36,66,92,92
26,56,26
20,58,67,20
19,37,69,19
0,39,52,82,39
48,78,80,80
4,42,55,42
17,41,96,41
16,64,16
43,53,60,53
3,11,28,77,28
15,22,63,85,94,22
